300 327
193 149
128 144
145 288
276 69
69 168
243 160
51 159
186 244
148 246
171 125
300 295
245 24
242 52
41 15
234 215
189 14
141 86
81 143
260 30
61 56
179 150
4 69
44 261
249 208
73 187
211 299
300 117
278 127
249 262
202 119
47 80
18 23
218 186
105 162
206 248
9 131
201 166
184 112
53 264
14 64
289 36
185 117
108 270
225 131
222 270
289 121
75 142
203 95
136 120
274 240
178 118
291 3
46 94
17 257
2 251
238 255
170 38
196 188
115 140
84 22
4 55
92 22
175 232
65 60
213 173
19 7
65 266
5 63
37 254
27 101
41 29
27 229
99 230
281 109
130 120
21 216
74 151
174 23
148 255
209 139
114 98
179 128
129 49
242 170
198 216
217 47
290 88
169 157
260 188
58 277
215 63
25 85
298 24
156 208
8 48
75 52
36 244
162 223
241 293
137 19
97 228
62 206
267 134
108 149
118 87
77 160
187 191
156 245
106 250
179 293
284 277
28 126
164 15
268 61
20 286
33 167
122 67
210 93
169 67
195 279
290 2
161 231
76 167
245 184
243 109
107 229
171 253
90 280
259 112
256 296
275 236
101 237
78 142
261 110
121 43
25 250
28 78
234 283
158 152
233 281
131 239
97 102
265 238
218 83
194 174
92 199
225 82
268 71
123 54
18 122
91 286
210 29
100 55
284 104
182 223
133 21
196 31
177 91
297 203
241 226
26 279
274 176
43 11
183 192
107 200
105 292
49 288
165 278
113 128
123 173
89 58
204 77
45 240
125 167
60 204
258 136
99 246
26 16
265 285
3 111
66 40
27 87
35 212
115 151
114 62
205 48
226 42
145 72
52 182
266 146
141 246
14 152
94 191
180 247
126 239
11 59
50 6
163 68
291 294
153 267
139 53
9 157
45 190
89 102
34 39
228 271
116 127
283 188
231 88
35 4
226 263
219 31
39 255
141 269
267 227
137 147
116 96
37 248
50 283
177 271
181 269
90 13
82 298
177 252
197 70
147 12
106 164
54 160
153 296
297 280
166 95
153 230
217 294
27 45
233 207
130 172
258 68
73 178
33 98
185 80
217 287
236 7
273 129
101 175
51 38
102 150
195 12
119 183
257 252
1 253
13 77
79 295
282 192
57 197
32 8
211 285
241 158
138 64
133 262
214 30
163 103
34 194
134 32
146 190
124 221
165 199
132 111
22 56
124 229
209 86
9 299
114 24
115 24
135 71
273 76
212 104
222 56
79 64
27 221
69 88
132 272
138 168
93 272
193 116
161 66
97 20
44 96
259 72
220 143
10 39
75 181
154 106
235 155
17 85
5 70
57 96
74 256
155 264
227 292
282 164
202 263
109 270
95 224
110 16
180 232
196 224
276 287
140 254
251 172
219 275
113 47
203 46
235 151
42 154
201 6
83 252
1 205
237 135
84 214
50 213
76 159
59 91
177 40
207 176
81 144
220 189
273 245
